
161 255 67 109 140 2 203 111
106 54 116 112 77 89 90 190
28 17 174 122 227 93 128 166
127 115 135 221 94 173 254 144
234 95 160 152 128 90 3 142
41 232 3 184 240 237 57 32
49 179 165 236 12 33 87 141
211 233 0 40 10 236 137 183
121 146 55 119 189 46 229 181
120 14 118 26 6 165 76 38
244 4 146 94 185 247 97 92
164 196 99 189 6 200 209 23
124 194 118 84 202 30 29 229
247 116 62 14 59 5 17 64
140 115 91 84 246 212 122 9
76 110 152 38 197 26 83 237
142 228 73 191 133 95 201 210
222 116 253 178 159 157 126 192
45 6 25 179 238 9 203 89
95 46 205 17 129 121 221 41
50 95 172 69 202 28 189 17
81 233 119 87 213 91 195 95
215 170 38 107 144 240 235 81
189 143 222 243 82 210 185 237
249 75 178 32 98 180 188 113
80 194 164 48 126 195 17 174
31 16 129 138 173 98 32 25
136 105 204 77 106 21 233 150
6 19 150 193 232 47 228 96
158 170 144 109 172 123 105 71
28 172 209 100 243 135 215 0
188 39 46 161 242 199 11 235
135 162 90 56 175 74 23 18
206 210 100 134 237 218 50 197
165 232 37 210 83 216 39 246
182 14 110 54 192 184 57 65
232 92 115 151 243 210 202 253
247 178 72 29 202 38 32 17
156 10 129 170 168 38 239 14
126 122 28 192 45 78 174 7
233 252 248 5 125 136 52 94
66 51 21 240 144 20 188 117
172 75 92 30 213 70 202 53
99 67 136 72 95 86 42 84
154 222 59 22 24 94 196 178
145 246 101 247 210 67 21 24
159 150 86 109 90 15 221 7
