
161 255 67 109 140 2 203 111 73 120 3 74 240 195 87 181 231 201 221 222 121 7 56 43 143 156 209 14 85 169 15 225
106 54 116 112 77 89 90 190 72 125 95 17 123 222 141 219 64 187 98 102 119 135 148 177 61 179 161 131 189 154 242 5
28 17 174 122 227 93 128 166 50 19 234 238 67 112 125 12 178 31 181 23 61 204 63 243 9 156 175 229 100 107 117 104
127 115 135 221 94 173 254 144 172 82 81 164 103 101 66 71 123 251 20 226 246 150 23 55 42 219 34 31 214 229 93 57
234 95 160 152 128 90 3 142 211 64 181 137 242 255 110 36 162 60 50 168 114 71 73 81 207 166 248 209 10 21 202 177
41 232 3 184 240 237 57 32 101 217 80 91 249 148 166 52 204 226 0 180 230 108 115 220 123 111 187 65 126 213 17 63
49 179 165 236 12 33 87 141 60 126 100 38 64 84 34 158 5 88 241 154 150 216 220 15 44 43 67 112 56 63 132 189
211 233 0 40 10 236 137 183 243 214 179 125 174 85 107 147 157 30 108 29 130 213 31 14 27 84 161 241 120 155 6 103
121 146 55 119 189 46 229 181 81 228 35 127 249 101 230 143 152 192 95 168 100 109 174 18 113 140 117 133 139 50 114 129
120 14 118 26 6 165 76 38 2 162 87 54 3 205 245 186 206 236 24 48 67 182 193 209 177 244 139 35 73 219 49 61
244 4 146 94 185 247 97 92 70 134 173 241 52 59 14 76 25 207 46 55 187 89 201 124 69 178 51 111 183 172 184 254
164 196 99 189 6 200 209 23 180 142 162 108 239 217 225 29 220 79 107 198 166 223 71 188 28 210 141 160 233 86 57 82
124 194 118 84 202 30 29 229 11 4 164 31 134 90 40 139 188 201 54 91 198 204 243 133 20 171 206 63 53 25 36 244
247 116 62 14 59 5 17 64 48 113 108 18 244 255 63 125 175 9 121 50 71 20 195 216 252 187 7 80 83 12 56 111
140 115 91 84 246 212 122 9 30 203 103 92 71 47 129 253 193 121 229 223 169 184 176 208 248 15 18 163 34 189 58 63
76 110 152 38 197 26 83 237 50 16 250 248 96 183 89 155 9 223 68 63 111 122 48 226 249 138 88 130 92 201 128 139
142 228 73 191 133 95 201 210 70 29 102 173 203 162 134 2 5 66 129 116 242 4 21 176 16 43 155 166 208 205 110 215
222 116 253 178 159 157 126 192 168 16 158 162 42 17 136 183 104 249 187 35 148 214 5 132 74 41 217 156 145 246 140 108
45 6 25 179 238 9 203 89 122 175 244 152 40 121 71 243 18 7 236 241 111 162 75 129 207 0 13 10 132 142 170 30
95 46 205 17 129 121 221 41 238 152 166 29 5 252 196 200 159 98 68 180 48 51 105 84 209 255 73 123 112 39 213 9
50 95 172 69 202 28 189 17 170 73 196 86 11 94 130 149 45 90 33 134 74 127 229 12 220 55 114 160 233 190 20 65
81 233 119 87 213 91 195 95 72 169 243 31 200 74 252 103 6 13 155 55 176 8 32 28 145 168 170 89 194 128 239 79
215 170 38 107 144 240 235 81 118 55 252 232 110 164 209 79 163 158 202 85 128 53 2 218 17 159 244 87 221 111 73 70
189 143 222 243 82 210 185 237 111 81 130 234 178 17 6 24 218 57 247 25 113 122 52 110 206 102 192 151 251 7 72 109
249 75 178 32 98 180 188 113 49 6 36 68 179 192 57 242 202 251 149 4 40 137 20 41 12 48 191 172 81 130 228 46
80 194 164 48 126 195 17 174 235 25 151 37 226 254 41 213 149 155 34 207 150 172 163 215 109 117 185 203 81 0 60 102
31 16 129 138 173 98 32 25 29 108 233 222 155 140 158 72 195 59 124 109 4 49 42 94 185 214 238 100 148 197 113 200
136 105 204 77 106 21 233 150 205 132 85 111 152 151 96 255 217 27 221 174 66 239 251 131 73 55 113 183 33 184 34 65
6 19 150 193 232 47 228 96 100 104 113 198 122 178 243 57 251 206 81 103 255 14 219 241 15 54 118 211 132 233 32 162
158 170 144 109 172 123 105 71 30 9 147 32 77 217 156 141 203 63 160 28 197 98 124 234 241 140 224 11 42 56 83 236
28 172 209 100 243 135 215 0 26 21 194 34 136 112 118 131 1 9 86 237 61 103 248 44 76 116 236 123 19 211 55 200
188 39 46 161 242 199 11 235 169 129 78 40 131 77 132 4 86 229 156 33 224 27 234 15 226 251 95 239 254 119 38 50
135 162 90 56 175 74 23 18 81 198 102 170 28 73 245 137 215 51 232 110 186 193 11 145 34 178 173 222 152 168 20 172
206 210 100 134 237 218 50 197 87 178 142 254 213 133 205 194 212 228 231 150 183 158 175 13 207 211 80 105 19 190 215 230
165 232 37 210 83 216 39 246 228 243 127 221 31 86 222 26 32 97 155 172 131 200 50 38 24 108 194 119 149 67 71 99
182 14 110 54 192 184 57 65 12 143 147 83 180 151 135 58 205 93 233 186 96 20 247 171 97 190 162 63 144 120 39 122
232 92 115 151 243 210 202 253 112 144 90 113 58 76 146 15 101 143 149 34 209 221 238 89 103 120 241 0 61 81 147 172
247 178 72 29 202 38 32 17 158 219 14 201 81 21 184 12 13 35 46 220 98 94 153 167 249 1 15 33 40 125 102 106
156 10 129 170 168 38 239 14 89 211 203 249 103 127 61 106 248 149 42 29 200 244 221 229 213 242 131 125 118 121 50 77
126 122 28 192 45 78 174 7 24 152 146 163 10 157 251 201 12 114 173 155 186 109 180 13 104 66 117 198 242 116 156 230
233 252 248 5 125 136 52 94 137 150 60 83 139 208 11 102 63 85 124 184 110 141 47 151 51 119 254 168 19 15 84 164
66 51 21 240 144 20 188 117 253 151 230 254 148 109 183 135 187 112 150 153 208 124 184 100 16 56 158 172 167 3 84 85
172 75 92 30 213 70 202 53 27 4 3 104 151 6 133 66 86 222 195 65 234 241 48 115 119 207 145 50 89 105 7 80
99 67 136 72 95 86 42 84 248 83 37 116 125 130 102 91 148 19 1 82 68 59 97 238 15 252 119 215 103 75 169 108
154 222 59 22 24 94 196 178 247 145 71 232 16 166 96 165 107 203 244 35 40 170 104 180 216 229 151 135 137 217 28 69
145 246 101 247 210 67 21 24 20 239 163 27 76 25 133 218 209 90 173 116 196 26 35 85 47 118 189 240 44 152 10 132
159 150 86 109 90 15 221 7 234 128 118 180 252 94 237 62 104 198 56 30 39 119 61 147 202 158 189 37 92 82 89 79
