
161 255 67 109
106 54 116 112
28 17 174 122
127 115 135 221
234 95 160 152
41 232 3 184
49 179 165 236
211 233 0 40
121 146 55 119
120 14 118 26
244 4 146 94
164 196 99 189
124 194 118 84
247 116 62 14
140 115 91 84
76 110 152 38
142 228 73 191
222 116 253 178
45 6 25 179
95 46 205 17
50 95 172 69
81 233 119 87
215 170 38 107
189 143 222 243
249 75 178 32
80 194 164 48
31 16 129 138
136 105 204 77
6 19 150 193
158 170 144 109
28 172 209 100
188 39 46 161
135 162 90 56
206 210 100 134
165 232 37 210
182 14 110 54
232 92 115 151
247 178 72 29
156 10 129 170
126 122 28 192
233 252 248 5
66 51 21 240
172 75 92 30
99 67 136 72
154 222 59 22
145 246 101 247
159 150 86 109
