
161 255 67 109 140 2 203 111 73 120 3 74 240 195 87 181
106 54 116 112 77 89 90 190 72 125 95 17 123 222 141 219
28 17 174 122 227 93 128 166 50 19 234 238 67 112 125 12
127 115 135 221 94 173 254 144 172 82 81 164 103 101 66 71
234 95 160 152 128 90 3 142 211 64 181 137 242 255 110 36
41 232 3 184 240 237 57 32 101 217 80 91 249 148 166 52
49 179 165 236 12 33 87 141 60 126 100 38 64 84 34 158
211 233 0 40 10 236 137 183 243 214 179 125 174 85 107 147
121 146 55 119 189 46 229 181 81 228 35 127 249 101 230 143
120 14 118 26 6 165 76 38 2 162 87 54 3 205 245 186
244 4 146 94 185 247 97 92 70 134 173 241 52 59 14 76
164 196 99 189 6 200 209 23 180 142 162 108 239 217 225 29
124 194 118 84 202 30 29 229 11 4 164 31 134 90 40 139
247 116 62 14 59 5 17 64 48 113 108 18 244 255 63 125
140 115 91 84 246 212 122 9 30 203 103 92 71 47 129 253
76 110 152 38 197 26 83 237 50 16 250 248 96 183 89 155
142 228 73 191 133 95 201 210 70 29 102 173 203 162 134 2
222 116 253 178 159 157 126 192 168 16 158 162 42 17 136 183
45 6 25 179 238 9 203 89 122 175 244 152 40 121 71 243
95 46 205 17 129 121 221 41 238 152 166 29 5 252 196 200
50 95 172 69 202 28 189 17 170 73 196 86 11 94 130 149
81 233 119 87 213 91 195 95 72 169 243 31 200 74 252 103
215 170 38 107 144 240 235 81 118 55 252 232 110 164 209 79
189 143 222 243 82 210 185 237 111 81 130 234 178 17 6 24
249 75 178 32 98 180 188 113 49 6 36 68 179 192 57 242
80 194 164 48 126 195 17 174 235 25 151 37 226 254 41 213
31 16 129 138 173 98 32 25 29 108 233 222 155 140 158 72
136 105 204 77 106 21 233 150 205 132 85 111 152 151 96 255
6 19 150 193 232 47 228 96 100 104 113 198 122 178 243 57
158 170 144 109 172 123 105 71 30 9 147 32 77 217 156 141
28 172 209 100 243 135 215 0 26 21 194 34 136 112 118 131
188 39 46 161 242 199 11 235 169 129 78 40 131 77 132 4
135 162 90 56 175 74 23 18 81 198 102 170 28 73 245 137
206 210 100 134 237 218 50 197 87 178 142 254 213 133 205 194
165 232 37 210 83 216 39 246 228 243 127 221 31 86 222 26
182 14 110 54 192 184 57 65 12 143 147 83 180 151 135 58
232 92 115 151 243 210 202 253 112 144 90 113 58 76 146 15
247 178 72 29 202 38 32 17 158 219 14 201 81 21 184 12
156 10 129 170 168 38 239 14 89 211 203 249 103 127 61 106
126 122 28 192 45 78 174 7 24 152 146 163 10 157 251 201
233 252 248 5 125 136 52 94 137 150 60 83 139 208 11 102
66 51 21 240 144 20 188 117 253 151 230 254 148 109 183 135
172 75 92 30 213 70 202 53 27 4 3 104 151 6 133 66
99 67 136 72 95 86 42 84 248 83 37 116 125 130 102 91
154 222 59 22 24 94 196 178 247 145 71 232 16 166 96 165
145 246 101 247 210 67 21 24 20 239 163 27 76 25 133 218
159 150 86 109 90 15 221 7 234 128 118 180 252 94 237 62
